br = 0.011734;
dr = 0.0074;
p0 = 1409517397;
t = 1:0.1:10;
pt = p0*exp((br-dr)*t);
